10,204
10,306
10,30
10,158
10,288
10,238
10,296
10,228
10,2
10,3
11,4
11,10
11,16
9,7
9,4
9,6
9,3
8,18
8,17
8,15
81,4
81,3
81,2
81,1
8,11
81,0
80,3
80,2
80,1
80,0
79,3
79,2
79,1
79,0
77,3
77,2
77,1
77,0
72,3
72,2
72,1
72,0
68,3
68,2
68,1
68,0
62,3
62,2
62,1
62,0
60,3
60,2
60,1
60,0
59,3
59,2
59,1
59,0
58,3
58,2
58,1
58,0
57,3
57,2
57,1
57,0
54,3
54,2
54,1
54,0
49,3
49,2
49,1
49,0
48,3
48,2
48,1
48,0
47,4
47,3
47,2
47,1
47,0
35,4
35,3
35,1
25,3
25,1
20,3
20,2
20,1
19,3
19,2
19,1
14,5
14,4
12,3
12,2
12,1
11,29
11,28
11,27
11,26
11,25
11,24
11,23
11,22
11,21
11,20
11,19
11,18
11,17
11,14
11,12
11,11
11,8
11,7
11,6
11,1
18,1
